0.0000000 0.0000000
0.0005000 0.0023390
0.0010000 0.0037271
0.0020000 0.0058025
0.0040000 0.0089238
0.0080000 0.0137350
0.0120000 0.0178581
0.0200000 0.0253735
0.0300000 0.0330215
0.0400000 0.0391283
0.0500000 0.0442753
0.0600000 0.0487571
0.0800000 0.0564308
0.1000000 0.0629981
0.1200000 0.0686204
0.1400000 0.0734360
0.1600000 0.0775707
0.1800000 0.0810687
0.2000000 0.0839202
0.2200000 0.0861433
0.2400000 0.0878308
0.2600000 0.0890840
0.2800000 0.0900016
0.3000000 0.0906804
0.3200000 0.0911857
0.3400000 0.0915079
0.3600000 0.0916266
0.3800000 0.0915212
0.4000000 0.0911712
0.4200000 0.0905657
0.4400000 0.0897175
0.4600000 0.0886427
0.4800000 0.0873572
0.5000000 0.0858772
0.5200000 0.0842145
0.5400000 0.0823712
0.5600000 0.0803480
0.5800000 0.0781451
0.6000000 0.0757633
0.6200000 0.0732055
0.6400000 0.0704822
0.6600000 0.0676046
0.6800000 0.0645843
0.7000000 0.0614329
0.7200000 0.0581599
0.7400000 0.0547675
0.7600000 0.0512565
0.7800000 0.0476281
0.8000000 0.0438836
0.8200000 0.0400245
0.8400000 0.0360536
0.8600000 0.0319740
0.8800000 0.0277891
0.9000000 0.0235025
0.9200000 0.0191156
0.9400000 0.0146239
0.9600000 0.0100232
0.9700000 0.0076868
0.9800000 0.0053335
0.9900000 0.0029690
1.0000000 0.0005993
