0.0000000 0.0000000
0.0005000 -.0046700
0.0010000 -.0059418
0.0020000 -.0078113
0.0040000 -.0105126
0.0080000 -.0142862
0.0120000 -.0169733
0.0200000 -.0202723
0.0300000 -.0226056
0.0400000 -.0245211
0.0500000 -.0260452
0.0600000 -.0271277
0.0800000 -.0284595
0.1000000 -.0293786
0.1200000 -.0299633
0.1400000 -.0302404
0.1600000 -.0302546
0.1800000 -.0300490
0.2000000 -.0296656
0.2200000 -.0291445
0.2400000 -.0285181
0.2600000 -.0278164
0.2800000 -.0270696
0.3000000 -.0263079
0.3200000 -.0255565
0.3400000 -.0248176
0.3600000 -.0240870
0.3800000 -.0233606
0.4000000 -.0226341
0.4200000 -.0219042
0.4400000 -.0211708
0.4600000 -.0204353
0.4800000 -.0196986
0.5000000 -.0189619
0.5200000 -.0182262
0.5400000 -.0174914
0.5600000 -.0167572
0.5800000 -.0160232
0.6000000 -.0152893
0.6200000 -.0145551
0.6400000 -.0138207
0.6600000 -.0130862
0.6800000 -.0123515
0.7000000 -.0116169
0.7200000 -.0108823
0.7400000 -.0101478
0.7600000 -.0094133
0.7800000 -.0086788
0.8000000 -.0079443
0.8200000 -.0072098
0.8400000 -.0064753
0.8600000 -.0057408
0.8800000 -.0050063
0.9000000 -.0042718
0.9200000 -.0035373
0.9400000 -.0028028
0.9600000 -.0020683
0.9700000 -.0017011
0.9800000 -.0013339
0.9900000 -.0009666
1.0000000 -.0005993
